walk 0.00 0.00 0.00
walk 0.07 1.09 9.88
walk 0.29 1.02 9.91
walk 0.39 0.75 9.69
walk 0.65 0.73 9.65
walk 0.50 0.53 9.69
walk 0.37 0.17 9.73
walk -0.24 0.13 9.92
walk -1.02 0.01 9.64
walk -0.22 0.27 9.75
walk 0.34 0.09 9.27
walk 0.70 0.84 10.64
walk 1.50 3.12 10.67
walk 0.55 1.71 8.47
walk 0.44 2.93 9.61
walk 0.72 3.11 9.40
walk 1.76 2.45 8.16
walk 1.83 2.53 8.60
walk 2.78 3.71 9.41
walk 2.12 3.88 11.63
walk -0.89 0.84 7.61
walk -0.22 0.77 10.63
walk -1.00 1.23 9.55
walk 0.34 0.58 8.40
walk -0.23 0.82 9.87
walk 2.00 1.41 9.94
walk 0.39 3.32 11.87
walk 0.34 3.28 8.61
walk 1.43 3.51 8.64
walk 1.83 2.69 8.25
walk 0.95 2.53 8.39
walk 1.69 3.15 9.06
walk 2.10 2.75 12.29
walk 0.15 0.65 8.49
walk 1.39 -0.41 8.20
walk 0.06 1.56 11.09
walk -0.03 1.56 8.72
walk 0.80 1.71 8.99
walk 1.83 1.60 9.15
walk 0.56 2.96 10.92
walk 2.07 4.97 10.35
walk 0.43 3.25 7.73
walk 2.55 3.15 7.82
walk 1.51 3.13 8.17
walk 2.36 3.47 9.02
walk 1.95 3.11 12.05
walk -0.78 0.87 8.45
walk 0.54 -1.13 8.86
walk -0.41 1.61 11.31
walk -0.61 0.87 8.86
walk -0.40 0.96 10.05
walk 1.34 3.89 6.91
walk 2.48 4.65 8.59
walk 1.30 4.84 9.08
walk 0.81 3.80 8.60
walk 1.44 4.05 8.80
walk 2.72 3.96 8.43
walk 0.59 3.03 10.69
walk 2.14 1.59 8.93
walk 0.69 1.40 9.96
walk 0.55 0.66 8.98
walk -0.59 0.78 9.39
walk 0.14 0.98 9.18
walk 0.50 0.99 9.23
walk 2.02 3.34 11.26
walk 1.74 4.59 9.97
walk 0.31 3.79 9.05
walk 2.58 3.09 7.84
walk 1.55 2.82 8.13
walk 1.57 3.09 8.76
walk 0.96 2.96 10.42
walk -0.54 2.27 11.44
walk 0.30 -0.26 7.12
walk 1.40 0.28 11.20
walk -0.04 -0.01 8.84
walk 0.70 0.66 9.43
walk 0.75 0.62 9.69
walk 0.76 1.09 10.07
walk 0.74 2.44 11.37
walk 0.75 2.52 9.19
walk 0.46 2.63 8.87
walk 0.71 2.62 8.94
walk 0.28 2.45 8.97
walk -0.33 2.36 9.36
walk -0.11 2.49 9.36
walk 0.34 2.68 10.64
walk -0.47 1.67 10.20
walk 1.30 0.88 8.57
walk -0.04 1.16 10.10
walk 0.13 0.74 8.72
walk 0.38 0.71 9.27
walk 0.37 0.99 9.66
walk -0.15 2.04 11.51
walk 0.38 2.36 9.36
walk -1.24 2.98 9.44
walk 0.81 3.38 8.67
walk 1.20 3.68 8.62
walk 1.70 4.28 8.31
walk 1.60 3.44 11.06
walk -0.16 1.74 10.00
walk 0.63 -0.84 7.60
walk 0.22 0.25 10.01
walk 0.45 1.21 9.80
walk 2.81 3.93 9.78
walk 1.22 4.57 8.21
walk 1.19 5.55 10.31
walk 1.65 3.99 8.27
walk 0.85 3.59 8.45
walk 0.62 3.29 8.92
walk 1.37 4.38 9.16
walk 0.87 4.78 8.38
walk -0.57 3.66 10.95
walk -1.14 0.82 9.16
walk -1.04 -0.14 8.33
walk -0.78 -1.79 9.28
walk 0.02 -0.26 11.02
walk 0.50 -0.36 8.81
walk 0.29 0.25 9.82
walk 0.45 -0.01 10.03
walk 1.32 2.32 10.89
walk 2.50 2.61 8.88
walk -1.24 3.11 10.16
walk 0.30 2.65 8.91
walk 0.34 2.18 8.64
walk 0.57 2.72 9.17
walk 1.17 2.86 8.92
walk 0.30 3.64 11.45
walk -0.20 1.58 10.66
walk 1.32 -1.35 7.00
walk 0.99 -0.03 10.46
walk -0.13 0.33 9.45
walk 0.15 0.44 8.83
walk 0.29 1.04 9.95
walk 0.76 1.33 9.55
walk 1.08 3.57 11.64
walk 1.58 4.23 9.19
walk 1.06 3.62 8.61
walk 2.85 3.52 8.43
walk 1.54 3.08 8.13
walk 0.98 3.17 8.79
walk 1.53 3.50 9.57
walk 1.26 3.18 10.93
walk 0.36 2.00 9.43
walk 0.72 -0.40 8.14
walk 0.77 -0.69 10.52
walk -0.10 0.41 9.78
walk 0.19 -0.05 8.78
walk 0.08 0.36 10.08
walk 1.11 0.51 9.35
walk 0.09 2.45 10.52
walk 1.00 4.38 10.31
walk 2.49 3.68 8.56
walk 2.94 3.63 10.37
walk 1.64 2.19 10.86
walk 1.24 -0.09 7.27
walk 1.19 -0.71 10.11
walk 0.35 1.11 10.10
walk 0.09 -0.23 8.57
walk -0.55 -0.70 9.51
walk 1.46 0.78 9.05
walk -0.10 2.89 13.14
walk 0.11 3.62 9.79
walk 1.02 1.90 7.18
walk 1.49 2.73 8.53
walk 1.37 3.27 8.55
walk 2.11 4.17 9.69
walk 0.79 3.39 12.50
walk -0.99 0.70 7.35
walk -0.27 -0.62 10.61
walk -0.50 0.03 9.81
walk -0.96 -1.14 8.76
walk -0.42 -0.39 10.05
walk 0.41 -0.10 9.35
walk -0.40 0.01 9.00
walk 0.11 1.88 11.82
walk 0.71 2.36 10.41
walk 0.73 4.17 8.80
walk 2.87 3.05 8.21
walk 1.39 2.98 8.68
walk 0.88 3.51 8.77
walk 1.36 3.14 8.76
walk -0.13 3.17 11.33
walk 1.75 1.25 9.91
walk 0.74 -0.43 9.62
walk 0.13 0.17 9.54
walk -1.10 -1.11 9.14
walk 0.42 -0.16 9.72
walk 2.39 -0.79 8.46
walk 1.99 -0.44 8.73
walk 1.76 3.52 11.61
walk 0.89 3.08 9.42
walk 2.35 2.91 9.37
walk 1.49 3.03 8.48
walk 1.77 4.17 9.12
walk 1.23 3.87 9.28
walk -1.55 1.49 11.08
walk 0.33 -0.21 9.23
walk 0.47 -1.37 9.56
walk 0.40 -1.70 9.18
walk 0.31 -2.07 9.51
walk 0.27 -1.26 9.73
walk 0.22 2.11 10.14
walk -0.59 2.45 10.18
walk 0.57 2.16 9.27
walk 0.61 2.33 9.25
walk 0.30 2.40 9.22
walk 1.06 2.81 9.28
walk 0.43 2.75 9.32
walk 1.15 2.78 9.72
walk 0.64 1.27 10.17
walk 1.40 1.56 9.79
walk 0.89 0.07 9.48
walk 0.66 0.09 9.20
walk 0.92 -0.29 9.09
walk 0.23 -0.71 9.64
walk 1.97 0.15 9.48
walk 0.61 1.96 11.46
walk -0.05 2.16 9.98
walk -0.48 2.79 8.73
walk 1.08 3.20 9.11
walk 0.66 2.90 8.84
walk 0.38 2.88 9.32
walk -0.38 2.36 9.44
walk 1.30 2.29 9.40
walk -0.12 1.91 11.21
walk 0.11 0.76 8.31
walk 0.35 0.31 10.27
walk -0.01 0.31 10.06
walk -0.16 -0.60 8.90
walk -0.10 -0.37 9.49
walk 0.15 0.33 10.80
walk -0.37 1.36 10.72
walk -0.37 2.10 9.68
walk -0.51 1.97 8.86
walk -0.90 2.18 9.31
walk -0.47 2.83 9.51
walk -0.19 2.71 9.16
walk 0.71 3.11 8.56
walk -0.05 2.22 10.56
walk 0.04 1.36 10.39
walk 0.83 0.86 9.41
walk -0.07 0.62 10.27
walk 0.75 0.15 9.02
walk 0.67 0.41 9.86
walk 0.45 0.53 9.83
walk -0.02 0.93 9.78
walk -0.28 0.87 9.77
walk -0.20 0.96 9.79
walk -0.16 1.07 9.66
walk -0.38 1.21 9.75
walk -0.21 1.32 9.77
walk 0.00 0.00 0.00
walk -0.03 1.68 9.64
walk -0.15 1.63 9.68
walk -0.10 1.58 9.62
walk -0.08 1.54 9.66
walk -0.19 1.33 9.72
walk 0.29 1.11 9.43
walk -0.02 1.30 9.64
walk -0.21 1.65 9.70
walk -0.69 2.05 9.87
walk -0.30 2.14 9.26
walk -0.68 2.99 10.06
walk -0.30 2.33 9.12
walk 0.18 2.73 9.05
walk 1.00 2.82 8.69
walk 1.00 3.12 10.09
walk 0.98 2.93 11.40
walk 0.48 0.51 7.30
walk 0.82 0.24 10.20
walk -0.02 1.67 10.66
walk 0.75 0.74 8.50
walk 0.06 0.68 9.30
walk 1.54 1.30 9.14
walk 1.02 2.11 10.25
walk -0.36 4.26 12.07
walk 0.34 3.13 7.47
walk 2.61 3.86 8.30
walk 1.30 3.39 8.17
walk 1.97 3.45 8.83
walk 1.70 3.44 9.04
walk -0.96 2.38 12.06
walk 0.68 1.36 9.14
walk 2.56 -0.64 7.79
walk 1.47 0.71 10.52
walk -0.16 0.15 8.43
walk 0.31 0.33 8.67
walk 1.19 1.66 9.84
walk 2.26 2.82 11.17
walk 0.90 4.40 10.82
walk 0.62 3.60 8.71
walk 2.77 2.87 7.51
walk 1.29 2.68 8.01
walk 0.78 3.02 9.34
walk 2.24 3.45 10.20
walk -0.88 0.61 8.44
walk -0.16 0.69 9.01
walk 1.44 1.57 9.52
walk 1.56 4.01 12.38
walk 1.07 4.19 9.18
walk 1.02 2.99 7.68
walk 2.35 2.55 7.60
walk 1.81 3.41 8.83
walk 1.78 3.89 11.28
walk -0.52 1.81 10.56
walk -0.76 -2.37 7.10
walk -0.95 0.40 11.64
walk -1.33 0.47 8.83
walk -1.61 0.59 9.59
walk 0.27 1.50 9.51
walk -0.07 1.14 10.11
walk -0.27 4.33 9.92
walk 0.04 4.99 9.43
walk 1.84 4.25 7.78
walk 1.98 3.77 8.97
walk 1.30 4.03 9.17
walk 2.10 3.27 8.65
walk 1.13 3.33 9.31
walk 1.37 3.11 8.65
walk 0.80 2.93 10.03
walk 1.66 1.34 9.63
walk 0.63 1.46 10.38
walk 0.93 0.46 8.92
walk 1.44 1.10 9.87
walk 0.55 0.91 9.75
walk 1.34 0.72 8.99
walk 0.55 0.98 9.20
walk 0.99 1.10 8.96
walk 1.15 2.58 9.92
walk 3.33 5.49 10.87
walk 1.25 3.68 7.78
walk 2.50 3.93 8.05
walk 1.16 4.09 8.37
walk 1.89 3.87 8.08
walk 2.11 4.32 9.51
walk 1.12 3.46 11.74
walk -0.63 0.45 7.51
walk 2.26 -0.22 10.10
walk -0.67 0.59 9.88
walk 0.08 -0.41 8.21
walk -0.11 0.63 10.51
walk 1.28 0.61 8.39
walk 1.59 3.22 11.67
walk 3.46 4.77 9.77
walk 0.93 3.32 8.96
walk -0.28 3.04 12.46
walk -0.00 -1.35 6.86
walk -0.50 0.00 10.72
walk -2.87 -0.54 9.42
walk -1.47 -0.31 9.00
walk 0.13 0.70 10.01
walk -0.80 2.81 11.46
walk 1.70 4.66 9.60
walk 0.97 4.54 8.16
walk 2.62 3.94 7.92
walk 1.26 3.25 8.76
walk 1.05 2.53 12.31
walk 0.90 0.69 7.24
walk 0.71 -0.20 9.84
walk 0.83 1.43 10.78
walk -0.57 0.73 8.76
walk 0.32 1.35 9.48
walk 0.73 0.68 9.41
walk 1.05 0.20 8.86
walk -0.01 2.37 12.01
walk 0.71 3.12 9.43
walk 0.12 2.77 9.36
walk 1.03 2.47 8.49
walk 0.62 2.46 8.50
walk 0.74 2.78 9.89
walk -0.25 1.83 11.64
walk -0.77 0.41 9.22
walk 1.08 -1.52 9.34
walk 0.40 -0.18 10.59
walk 0.70 -1.28 8.39
walk 1.05 -1.03 9.40
walk 1.76 1.56 10.88
walk 1.75 1.68 9.55
walk 1.50 2.15 9.72
walk 1.34 2.50 8.62
walk 1.67 3.35 8.80
walk 0.40 3.94 9.10
walk -1.26 3.13 11.30
walk -1.73 0.44 9.31
walk -0.36 0.80 9.18
walk -0.76 0.38 9.42
walk -1.51 -0.01 11.66
walk 0.41 -0.63 8.60
walk 0.47 0.23 9.61
walk -0.01 0.15 9.51
walk 0.33 1.60 10.38
walk 0.35 3.20 10.54
walk -0.21 2.16 9.60
walk 0.34 2.72 9.25
walk 0.19 2.55 8.60
walk -1.36 1.84 11.96
walk 0.55 -0.58 6.93
walk -0.46 0.24 11.55
walk -1.60 0.43 9.37
walk -0.89 0.35 8.72
walk -0.64 0.89 9.67
walk 0.21 1.30 9.22
walk -0.38 2.89 11.49
walk 0.74 4.09 9.74
walk -0.13 3.44 8.81
walk 0.55 2.80 7.76
walk 0.07 3.87 9.03
walk 2.26 3.36 8.50
walk -0.20 3.13 12.22
walk -1.05 0.40 8.46
walk -0.39 0.20 9.80
walk -1.52 1.05 9.91
walk -1.70 0.73 8.70
walk -0.74 1.09 9.23
walk -0.02 1.60 9.08
walk -0.88 1.43 10.89
walk 1.11 4.45 11.03
walk -1.01 3.62 9.16
walk 1.84 3.29 8.05
walk 0.43 3.03 8.21
walk 0.08 3.24 9.40
walk 1.19 3.01 11.10
walk -1.86 0.33 10.04
walk 1.97 -1.09 8.11
walk -0.02 1.14 10.84
walk -0.74 0.10 8.33
walk 0.01 0.66 9.25
walk 1.00 0.53 9.56
walk 1.54 3.50 11.79
walk 1.25 3.81 9.25
walk 0.12 3.48 9.18
walk 1.73 3.17 7.73
walk 1.02 2.75 8.23
walk 0.72 3.11 9.78
walk -0.84 2.56 12.20
walk 0.50 0.62 8.03
walk 1.28 -0.74 9.45
walk -0.23 1.11 10.40
walk 0.63 0.57 8.31
walk -0.16 0.87 9.53
walk 0.81 1.20 8.67
walk 2.01 5.10 11.38
walk 3.01 4.92 9.09
walk 1.04 3.79 8.67
walk 0.70 3.81 8.12
walk -0.45 2.23 12.22
walk 1.34 -1.99 9.35
walk -1.74 -1.10 9.42
walk -0.29 -1.99 8.94
walk -0.15 -1.16 9.59
walk 1.86 -0.20 8.99
walk 1.19 2.03 10.20
walk -0.55 2.74 10.18
walk 0.23 2.38 10.19
walk 0.03 1.85 9.01
walk 1.58 1.92 9.89
walk -0.92 -0.79 10.21
walk 1.23 -0.62 9.37
walk 0.21 -0.82 9.60
walk 0.07 -0.63 9.63
walk 0.39 -0.71 9.44
walk 0.96 -0.77 9.10
walk 0.32 1.64 10.52
walk -0.19 2.96 10.11
walk -0.44 2.41 9.88
walk -1.61 1.67 9.36
walk -0.45 2.06 9.28
walk 0.00 2.36 9.27
walk -0.52 1.64 10.59
walk -0.54 -0.63 10.70
walk 0.14 -1.26 9.06
walk 0.36 -0.88 9.64
walk -0.38 -0.52 9.82
walk -0.87 -0.10 9.94
walk -0.51 0.00 9.50
walk -0.69 0.13 9.52
walk -0.27 0.38 9.49
walk -0.47 0.24 9.14
walk -0.14 2.15 11.56
walk 0.88 1.96 9.07
walk -0.29 2.08 8.97
walk -0.08 3.34 10.66
walk -0.70 2.74 9.31
walk -0.45 2.06 9.01
walk 1.36 2.78 8.81
walk 0.39 1.90 11.27
walk 1.45 0.04 9.75
walk 1.24 -0.01 9.09
walk 0.45 -0.29 9.68
walk 0.47 -0.48 9.65
walk 0.53 -0.53 9.54
walk 0.25 -0.72 9.62
walk -0.20 -0.59 9.67
walk -0.69 -0.80 9.05
walk -0.39 -0.59 9.65
walk 1.40 1.68 8.30
walk 2.23 2.70 7.96
walk 0.60 2.87 9.35
walk 1.16 2.93 8.71
walk 0.50 3.09 9.41
walk 2.11 3.36 8.61
walk 0.19 2.49 10.84
walk 0.28 1.75 10.97
walk 2.27 -1.43 7.12
walk 0.25 0.57 11.39
walk 0.02 0.16 8.52
walk -0.19 0.15 9.18
walk 0.69 0.80 9.76
walk 0.42 0.60 9.64
walk 2.82 4.02 11.78
walk -1.39 3.34 9.32
walk 2.66 3.06 8.28
walk 2.26 2.87 7.94
walk 3.05 3.34 8.17
walk 0.49 3.08 11.19
walk 0.03 1.16 9.96
walk 0.62 -1.72 7.87
walk 0.45 1.50 11.63
walk 0.62 -0.29 7.85
walk -0.47 -0.10 9.81
walk 2.17 1.48 9.62
walk 1.33 3.27 10.99
walk 1.39 4.36 9.00
walk 2.68 3.87 8.06
walk 2.57 3.70 7.93
walk 3.15 4.04 7.84
walk 2.78 3.67 11.97
walk 1.16 1.02 8.44
walk 2.01 -1.32 7.94
walk 1.62 0.56 11.20
walk 1.25 -0.17 8.35
walk 0.94 -0.01 10.26
walk 2.41 0.07 9.06
walk 0.50 -0.37 9.27
walk 0.28 1.78 10.54
walk 0.46 3.86 9.43
walk 0.92 3.80 8.24
walk 1.48 4.93 8.68
walk 3.36 5.43 8.87
walk 1.45 3.98 8.64
walk 1.80 4.21 8.95
walk 0.79 3.39 8.70
walk 0.83 3.29 8.44
walk 0.75 4.29 8.83
walk 1.79 4.15 10.19
walk -0.05 0.58 9.24
walk -0.33 1.05 9.57
walk -0.08 1.24 9.00
walk 0.83 1.61 8.88
walk 1.03 3.90 11.54
walk 2.91 5.28 8.65
walk 1.50 4.88 8.55
walk 2.50 4.07 7.36
walk 1.96 4.25 7.80
walk 3.35 4.05 8.71
walk 1.04 3.62 12.03
walk 0.55 -0.02 6.98
walk 2.18 0.54 10.58
walk -0.10 0.34 8.66
walk 0.47 0.04 8.32
walk 0.29 0.61 9.95
walk 1.16 3.38 10.44
walk 2.80 4.46 9.56
walk 0.21 4.14 9.48
walk 2.12 3.84 8.06
walk 1.49 4.32 7.90
walk 2.20 4.57 9.44
walk 0.59 2.35 10.55
walk 0.82 1.14 9.14
walk 1.51 -0.39 7.31
walk 0.43 0.02 11.57
walk -1.52 0.14 10.22
walk 1.08 -0.53 8.52
walk 0.05 -0.31 10.58
walk 0.74 0.20 9.49
walk 0.08 1.65 9.87
walk 0.51 3.18 9.95
walk 1.32 3.65 9.25
walk 1.24 3.55 9.12
walk 1.29 3.38 8.34
walk 0.50 2.89 9.59
walk 0.17 2.26 9.57
walk 0.53 2.26 9.15
walk 0.52 2.07 9.52
walk -0.15 1.76 9.93
walk 0.49 1.72 9.34
walk 0.39 2.02 9.69
walk -0.05 1.67 9.60
walk 0.15 1.74 9.59
walk 0.41 1.77 9.60
walk 0.39 1.67 9.58
walk 0.43 1.64 9.57
walk 0.40 1.70 9.60
walk 0.33 1.66 9.52
walk 0.15 1.64 9.75
fall 0.00 0.00 0.00
fall 0.01 2.23 9.62
fall 0.35 2.06 9.29
fall 0.35 2.19 9.57
fall 0.57 1.93 9.44
fall 0.51 1.72 9.44
fall 0.58 1.82 9.29
fall 0.45 1.77 9.32
fall 0.46 2.01 9.91
fall -0.06 1.24 9.91
fall 0.31 1.78 9.84
fall 0.41 2.04 9.40
fall 1.50 1.58 7.34
fall 1.19 3.58 11.13
fall 2.08 3.77 9.36
fall 1.02 2.87 8.18
fall 0.60 4.01 10.29
fall -0.16 2.59 9.53
fall 1.98 3.06 9.19
fall 0.35 2.57 10.08
fall 1.67 2.11 8.01
fall -0.44 1.29 8.92
fall -0.04 0.83 12.09
fall 0.82 -0.52 9.87
fall 0.63 -0.83 8.75
fall 1.15 -0.86 9.39
fall 1.98 0.80 10.03
fall 1.35 0.74 9.51
fall 0.35 1.26 9.91
fall 0.97 1.74 9.61
fall 0.87 2.19 9.36
fall 1.04 1.94 9.17
fall 0.53 2.08 9.35
fall 0.84 2.66 9.39
fall 0.62 2.76 9.55
fall 0.66 2.51 9.30
fall 0.54 2.49 9.52
fall 0.26 2.29 9.42
fall 0.37 2.30 9.35
fall 0.22 2.19 9.41
fall 0.31 2.23 9.46
fall 0.54 2.37 9.52
fall 0.69 2.12 9.25
fall 0.93 1.83 9.35
fall -0.32 2.32 2.26
fall 1.91 1.74 0.67
fall 0.45 4.39 7.83
fall 30.07 -11.73 23.48
fall -15.50 -8.82 0.87
fall 6.71 -3.55 -6.58
fall 10.67 -10.34 -0.14
fall 3.83 -11.76 1.56
fall 2.34 -11.60 1.51
fall 2.18 -8.53 3.36
fall 0.08 -7.82 3.84
fall -1.07 -8.31 6.96
fall 0.16 -6.26 8.79
fall 2.14 -5.88 6.84
fall 2.66 -4.27 7.21
fall 1.96 -5.01 8.36
fall 1.43 -5.31 8.32
fall 1.69 -5.71 7.32
fall 1.11 -6.52 7.36
fall 0.28 -6.73 7.99
fall -0.30 -6.43 8.02
fall 0.01 -5.88 7.62
fall -0.12 -5.32 8.08
fall -1.08 -5.53 7.66
fall -2.28 -4.90 8.17
fall -3.35 -4.87 8.78
fall -3.47 -5.01 9.20
fall -2.58 -5.38 8.15
fall -2.32 -5.87 7.63
fall -2.06 -6.25 8.01
fall -1.89 -6.28 7.79
fall -1.98 -6.07 7.64
fall -1.75 -5.59 7.93
fall -1.95 -5.86 8.06
fall -1.85 -5.98 7.79
fall -1.87 -5.98 7.79
fall -2.14 -6.20 7.81
fall -2.13 -6.12 7.74
fall -2.16 -6.11 7.73
fall -2.11 -6.11 7.83
fall -1.86 -5.88 7.71
fall -1.79 -5.78 7.67
fall -1.60 -5.78 7.56
fall -1.35 -5.84 7.55
fall -1.78 -6.20 7.76
fall -0.96 -5.98 7.26
fall -2.04 -5.98 7.64
fall -1.39 -6.02 7.52
fall -1.43 -6.00 7.47
fall -1.40 -6.00 7.53
fall 0.00 0.00 0.00
fall 0.13 2.27 9.67
fall 0.36 2.20 9.57
fall 0.22 2.09 9.57
fall 0.20 2.11 9.74
fall 0.68 2.04 9.31
fall 0.97 1.81 8.91
fall 0.95 2.01 9.12
fall 0.54 2.19 9.07
fall -1.26 3.76 10.48
fall 0.32 2.99 9.65
fall 1.12 3.01 9.42
fall 1.99 3.22 9.01
fall 2.03 3.06 8.59
fall 2.45 3.18 8.82
fall 0.97 0.65 9.28
fall 1.24 0.90 12.24
fall -0.09 0.01 7.83
fall 1.19 1.04 10.30
fall 3.07 4.29 11.39
fall 1.57 2.69 7.78
fall 2.40 2.75 7.14
fall 0.68 3.33 8.62
fall 2.07 5.50 11.04
fall 2.07 3.42 9.31
fall 0.15 3.05 7.73
fall 0.85 4.17 9.74
fall -0.54 3.03 9.49
fall 1.47 3.02 9.28
fall 0.73 3.10 9.55
fall 0.52 2.79 9.25
fall 0.71 2.56 9.07
fall 0.57 2.54 9.07
fall 0.45 2.64 9.40
fall 0.49 2.85 9.45
fall 0.28 2.73 9.34
fall 0.51 2.72 9.15
fall 1.16 2.45 8.63
fall 2.13 2.14 8.23
fall 1.34 2.14 7.81
fall 0.79 0.85 2.39
fall 0.78 2.48 1.20
fall 1.88 2.74 -0.09
fall 0.17 4.95 14.99
fall 4.38 -13.62 20.69
fall -3.45 -16.00 -4.49
fall 1.89 -6.11 -1.84
fall 6.96 -8.11 0.10
fall 2.59 -10.88 0.58
fall -0.38 -11.68 1.48
fall -3.69 -9.18 1.91
fall -4.82 -7.82 1.29
fall -1.63 -8.89 4.60
fall -1.79 -5.82 6.96
fall -3.56 -4.85 8.22
fall -3.94 -3.16 7.90
fall -4.83 -3.75 7.94
fall -4.21 -3.92 6.83
fall -4.32 -4.09 7.18
fall -5.46 -5.00 7.42
fall -5.71 -5.14 7.49
fall -4.55 -4.97 6.68
fall -5.09 -5.37 6.17
fall -5.12 -4.71 6.54
fall -6.03 -4.51 7.07
fall 0.00 0.00 0.00
fall -0.49 2.44 9.67
fall -0.09 2.64 9.56
fall -0.06 2.31 9.54
fall -0.05 2.22 9.67
fall 0.03 2.30 9.43
fall 0.18 2.63 9.94
fall 0.02 2.45 9.47
fall -0.96 2.09 9.17
fall -0.54 2.34 9.23
fall -0.26 2.79 10.13
fall -0.30 2.64 10.28
fall -0.06 2.21 9.20
fall -0.10 2.22 9.18
fall 0.01 2.39 9.54
fall -0.18 2.40 9.90
fall 0.00 2.39 9.48
fall 0.16 2.31 9.40
fall -0.06 2.29 9.37
fall -0.05 2.43 9.56
fall -0.13 2.44 9.68
fall -0.16 2.30 9.48
fall -0.14 2.38 9.41
fall -0.07 2.44 9.51
fall -0.01 2.34 9.38
fall 0.25 2.04 8.90
fall -0.93 2.52 9.67
fall -1.07 2.76 9.85
fall -0.55 2.77 9.51
fall -0.11 2.87 9.27
fall 0.07 2.61 9.02
fall 0.33 2.24 8.87
fall 0.28 2.28 9.28
fall 0.50 1.11 4.82
fall 3.84 2.12 3.42
fall -0.51 1.76 1.90
fall -0.34 0.98 0.37
fall 3.16 7.25 14.29
fall 19.52 -0.96 24.74
fall -14.57 -22.47 -5.23
fall 9.00 -2.63 -4.13
fall -2.79 -9.25 1.97
fall -0.09 -12.21 -0.73
fall -3.58 -9.41 1.15
fall -4.09 -6.72 1.67
fall -9.69 -6.54 3.83
fall -10.05 -5.49 3.97
fall -8.38 -2.26 4.42
fall -9.40 -1.72 5.42
fall -7.71 -1.15 5.40
fall -6.38 -0.09 3.85
fall -5.77 0.59 8.03
fall -8.73 -1.94 6.73
fall -6.93 0.51 5.79
fall -8.67 0.21 5.09
fall -8.70 0.64 4.45
fall 0.00 0.00 0.00
fall -0.58 2.51 9.35
fall 0.21 2.44 9.13
fall -0.27 2.41 9.28
fall 0.01 2.38 9.16
fall 0.01 2.46 9.18
fall -0.17 2.28 9.09
fall -0.71 2.80 9.74
fall -0.47 3.07 9.48
fall -0.59 2.77 9.12
fall -0.34 2.84 9.14
fall -0.44 2.80 9.37
fall -0.69 2.75 9.33
fall -0.16 2.78 9.04
fall 0.12 2.72 8.98
fall 1.10 2.58 8.49
fall 2.74 2.73 7.82
fall 1.61 2.80 5.78
fall 3.03 1.27 2.80
fall 1.11 3.98 2.60
fall -0.14 2.98 1.19
fall 5.36 13.90 8.25
fall 19.65 -10.23 29.13
fall -15.01 -10.28 6.68
fall 1.05 -8.37 -3.06
fall -1.12 -8.99 3.73
fall 7.70 -10.45 4.70
fall 3.99 -10.78 4.79
fall -3.47 -9.57 3.10
fall -0.96 -6.72 3.36
fall -1.31 -6.68 6.52
fall -4.20 -5.31 9.76
fall -4.06 -4.21 6.83
fall -1.43 -0.04 6.68
fall -5.38 -0.42 8.42
fall -9.50 -2.18 9.10
fall -4.82 -1.44 7.44
fall -6.26 -2.08 6.79
fall -7.05 -3.29 6.81
fall -7.30 -3.32 7.45
fall -7.31 -3.29 7.03
fall -6.45 -2.94 6.54
fall -6.47 -2.90 7.02
fall -6.75 -3.29 7.55
fall -6.10 -3.57 7.46
fall -5.65 -4.10 7.32
fall -3.96 -4.41 7.29
fall -2.94 -4.44 7.68
fall -1.72 -4.66 7.77
fall -1.16 -4.75 7.85
fall -0.11 -4.82 8.09
fall -0.16 -5.56 8.09
fall 0.36 -6.03 7.36
walk 0.00 0.00 0.00
walk 1.28 2.05 9.42
walk 1.29 2.03 9.41
walk 1.27 2.02 9.41
walk 1.25 2.04 9.41
walk 1.26 2.03 9.42
walk 1.25 1.99 9.40
walk 1.29 2.03 9.41
walk 1.25 2.02 9.40
walk 1.26 2.02 9.41
walk 1.32 2.12 9.41
walk 1.31 2.16 9.34
walk 1.36 2.23 9.35
walk 1.27 2.22 9.43
walk 1.26 2.16 9.38
walk 1.27 1.95 9.43
walk 1.33 1.97 9.40
walk 1.38 1.97 9.38
walk 1.34 2.04 9.38
walk 1.31 2.06 9.37
walk 1.26 2.12 9.37
walk 1.24 2.18 9.40
walk 1.22 2.21 9.41
walk 1.20 2.22 9.43
walk 1.25 2.23 9.43
walk 1.21 2.14 9.39
walk 1.30 2.15 9.39
walk 1.35 2.14 9.40
walk 1.45 2.14 9.39
walk 1.44 2.07 9.30
walk 1.47 2.12 9.33
walk 1.45 2.12 9.41
walk 1.38 1.96 9.40
walk 1.44 2.11 9.36
walk 1.48 2.13 9.34
walk 1.40 2.11 9.38
walk 1.39 2.12 9.35
walk 1.62 2.25 9.29
walk 1.50 2.23 9.33
walk 1.32 2.22 9.38
walk 1.45 2.38 9.34
walk 1.33 2.26 9.36
walk 1.44 2.43 9.31
walk 1.41 2.36 9.26
walk 1.32 2.38 9.36
walk 1.16 2.35 9.46
walk 1.53 2.41 9.23
walk 1.43 2.40 9.32
walk 1.39 2.32 9.34
walk 1.49 2.34 9.32
walk 1.63 2.25 9.26
walk 1.65 2.22 9.28
walk 1.65 2.26 9.30
walk 1.65 2.24 9.32
walk 1.67 2.21 9.27
walk 1.64 2.24 9.37
walk 1.75 2.25 9.27
walk 1.64 2.25 9.32
walk 1.69 2.21 9.31
walk 1.79 2.21 9.27
walk 1.66 2.21 9.31
walk 1.66 2.14 9.33
walk 1.54 2.09 9.35
walk 1.55 2.13 9.36
walk 1.56 2.08 9.32
walk 1.41 2.17 9.37
walk 1.40 2.18 9.38
walk 1.46 2.19 9.36
walk 1.51 2.17 9.33
walk 1.48 2.18 9.39
walk 1.45 2.15 9.35
walk 1.47 2.12 9.35
walk 1.41 2.09 9.38
walk 1.47 2.13 9.38
walk 1.46 2.09 9.36
walk 1.44 2.13 9.37
walk 1.35 2.10 9.39
walk 1.43 2.12 9.39
walk 1.40 2.08 9.36
walk 1.37 2.12 9.39
walk 1.36 2.14 9.39
walk 1.31 2.11 9.40
walk 1.36 2.15 9.38
walk 1.33 2.12 9.38
walk 1.25 2.15 9.41
walk 1.41 2.17 9.35
walk 1.38 2.20 9.39
walk 1.43 2.20 9.32
walk 1.48 2.20 9.36
walk 1.44 2.17 9.32
walk 1.48 2.22 9.37
walk 1.45 2.17 9.39
walk 1.48 2.14 9.34
walk 1.46 2.12 9.36
walk 1.48 2.08 9.36
walk 1.47 2.10 9.38
walk 1.47 2.09 9.37
walk 1.50 2.14 9.36
walk 1.47 2.11 9.37
walk 1.44 2.13 9.40
walk 1.51 2.14 9.36
walk 1.52 2.14 9.35
walk 1.50 2.14 9.35
walk 1.55 2.13 9.35
walk 1.54 2.10 9.35
walk 1.43 2.09 9.39
walk 1.47 2.08 9.38
walk 1.55 2.09 9.37
walk 1.52 2.08 9.34
walk 1.58 2.11 9.36
walk 1.65 2.13 9.33
walk 1.66 2.14 9.33
walk 1.65 2.12 9.32
walk 1.71 2.13 9.34
walk 1.67 2.14 9.35
walk 1.62 2.08 9.36
walk 1.57 2.04 9.36
walk 1.56 2.04 9.36
walk 1.57 2.05 9.36
walk 1.31 2.03 9.42
walk 1.41 2.08 9.43
walk 1.37 2.00 9.41
walk 1.31 2.07 9.43
walk 1.29 2.03 9.38
walk 1.50 2.09 9.38
walk 1.54 2.10 9.33
walk 1.50 2.13 9.37
walk 1.44 2.11 9.40
walk 1.45 2.12 9.40
walk 1.48 2.09 9.35
walk 1.45 2.07 9.39
walk 1.46 2.05 9.38
walk 1.44 2.05 9.38
walk 1.38 2.04 9.42
walk 1.38 2.00 9.35
walk 1.31 2.06 9.43
walk 1.39 2.03 9.39
walk 1.38 2.06 9.36
walk 1.23 2.05 9.40
walk 1.15 2.09 9.46
walk 1.04 2.07 9.46
walk 1.20 2.11 9.41
walk 1.13 2.10 9.44
walk 1.23 2.12 9.41
walk 1.17 2.09 9.47
walk 1.23 2.05 9.39
walk 1.29 2.08 9.42
walk 1.15 2.01 9.43
walk 1.22 2.06 9.43
walk 1.22 2.08 9.46
walk 1.33 2.19 9.41
walk 1.01 1.91 9.48
walk 1.07 1.44 9.58
walk 1.59 0.77 9.52
walk 0.73 0.03 9.63
walk 1.94 1.59 10.25
walk 2.36 3.42 8.82
walk 1.91 3.81 8.47
walk 2.97 4.36 8.56
walk 2.65 4.09 8.42
walk 1.75 3.55 8.60
walk 1.91 3.67 8.76
walk 2.20 3.49 8.86
walk 2.09 2.98 9.04
walk 1.81 2.71 9.40
walk 2.05 1.91 9.38
walk 2.01 1.75 9.30
walk 1.83 1.85 9.24
walk 1.81 2.05 9.28
walk 1.59 2.11 9.38
walk 1.50 2.16 9.35
walk 1.53 2.20 9.38
walk 1.49 2.20 9.35
walk 1.57 2.24 9.31
walk 1.41 2.25 9.38
walk 1.40 2.23 9.35
walk 1.35 2.25 9.50
walk 1.36 2.20 9.46
walk 1.48 1.98 9.23
walk 1.38 1.46 9.27
walk 1.83 0.81 9.68
walk 2.60 0.86 9.78
walk 0.84 2.34 9.84
walk 1.75 3.20 9.56
walk 2.53 2.55 8.89
walk 1.83 2.05 8.23
walk 1.52 2.27 9.41
walk 2.96 2.22 8.64
walk 2.45 2.62 9.10
walk 1.21 3.13 8.86
walk 1.77 3.02 11.14
walk 4.21 1.61 7.93
walk 2.54 3.07 9.52
walk 3.16 2.11 7.77
walk 2.63 1.75 8.43
walk 1.42 3.49 9.38
walk 2.37 3.84 8.92
walk 1.61 3.49 8.62
walk 2.55 4.14 7.74
walk 2.01 4.33 11.91
walk 3.83 1.12 9.64
walk 2.78 -0.25 9.11
walk 1.59 0.26 8.62
walk 2.44 0.56 8.15
walk 0.77 0.37 8.25
walk 1.96 1.09 9.28
walk 2.95 3.91 11.79
walk 2.56 5.09 10.79
walk -0.99 2.82 8.14
walk 3.99 3.53 7.31
walk 0.73 3.61 7.81
walk 1.24 4.74 8.48
walk 1.27 4.92 10.43
walk 2.35 3.77 9.85
walk 2.82 2.13 7.96
walk 3.10 2.46 10.08
walk 1.26 4.25 9.55
walk 1.32 4.39 9.19
walk 2.24 3.67 7.93
walk 1.43 3.62 8.07
walk 2.83 4.34 8.69
walk 0.86 3.20 12.18
walk 1.61 -0.24 6.67
walk 3.45 1.62 9.36
walk 0.68 0.84 8.99
walk 1.17 0.36 8.62
walk 2.33 1.38 10.07
walk 2.15 3.98 10.53
walk 1.05 4.66 9.01
walk 2.29 4.26 8.46
walk 1.94 3.68 7.13
walk 2.12 4.78 9.09
walk 2.79 4.32 10.72
walk 0.68 0.73 8.51
walk 2.30 1.23 8.45
walk 0.14 1.68 9.60
walk 1.32 1.55 8.28
walk 3.43 1.65 8.91
walk 0.73 3.50 10.93
walk 1.07 4.97 8.87
walk 2.38 5.72 8.35
walk 2.41 4.13 6.97
walk 1.64 4.92 8.25
walk 2.02 4.81 10.49
walk 1.02 2.61 9.10
walk 2.89 1.30 8.97
walk 0.60 2.00 9.08
walk 0.83 1.70 8.83
walk 1.48 2.14 8.76
walk 0.70 3.24 9.93
walk 1.56 6.97 8.88
walk 3.64 5.50 7.33
walk 1.60 4.91 8.03
walk 0.66 5.18 8.43
walk 1.31 5.50 8.27
walk 2.95 4.96 8.98
walk 1.68 3.46 8.78
walk 1.96 2.99 8.79
walk 2.33 2.77 8.87
walk 1.40 2.16 8.92
walk 2.43 1.84 8.33
walk 2.21 1.97 8.98
walk 2.02 3.90 10.87
walk 1.57 4.88 8.97
walk 1.86 4.38 7.92
walk 0.62 3.74 12.26
walk 0.82 -0.45 6.86
walk 2.93 2.56 10.43
walk -0.22 0.72 8.28
walk 0.95 0.99 8.89
walk 1.87 1.99 9.99
walk 1.73 4.93 11.31
walk 0.48 4.15 7.77
walk 2.82 4.53 7.88
walk 1.48 4.08 7.52
walk 2.86 5.06 8.29
walk 1.87 5.09 11.34
walk 0.56 2.06 8.26
walk 2.57 1.26 8.27
walk 0.73 2.26 9.61
walk 0.53 1.08 8.05
walk 2.04 1.78 9.19
walk 2.35 3.87 11.30
walk 2.06 4.52 8.65
walk 0.71 4.36 9.14
walk 1.92 3.64 7.31
walk 0.93 3.88 7.81
walk 1.14 4.62 9.91
walk 1.17 4.12 11.60
walk 3.15 0.44 6.33
walk 2.03 2.21 10.12
walk 1.00 1.02 8.18
walk 1.24 1.20 9.28
walk 1.80 1.71 9.57
walk 1.16 3.55 11.11
walk 0.13 3.61 8.92
walk 0.58 3.58 9.24
walk 1.45 2.92 7.72
walk 0.90 3.68 8.59
walk 0.71 3.61 8.90
walk 0.21 3.79 11.11
walk 1.87 1.98 8.20
walk 0.16 2.84 10.61
walk 0.45 1.59 7.78
walk 0.69 1.62 8.67
walk 1.49 2.57 9.22
walk 1.03 4.53 11.17
walk 0.67 3.89 8.11
walk 1.78 4.66 9.28
walk 1.46 4.53 7.81
walk 1.95 5.46 7.63
walk 1.72 5.64 10.42
walk 0.30 2.17 9.09
walk 0.46 1.35 8.83
walk -0.60 0.21 9.34
walk -0.09 4.15 10.35
walk 0.05 3.23 9.49
walk -0.01 2.67 8.18
walk 0.57 3.68 9.10
walk 2.12 3.96 9.20
walk 1.89 3.20 11.52
walk 2.16 -0.15 7.89
walk 0.92 1.24 9.30
walk 0.76 0.16 7.76
walk 1.82 1.05 9.29
walk 1.71 2.38 11.02
walk 0.46 4.13 11.55
walk -1.00 3.01 8.20
walk 1.88 3.58 8.55
walk 0.47 3.05 8.08
walk 0.75 3.42 9.08
walk 1.47 3.06 11.54
walk 2.55 1.55 8.09
walk 2.11 1.46 9.33
walk 0.86 1.89 8.53
walk 0.41 1.57 8.75
walk 2.21 2.26 8.88
walk 1.72 3.08 10.53
walk -0.04 4.84 9.92
walk 1.33 4.63 8.86
walk 1.68 3.76 7.38
walk 1.73 4.15 7.71
walk 2.65 4.48 9.27
walk 0.34 3.45 11.88
walk 0.82 1.02 7.14
walk 2.86 1.96 10.79
walk -0.12 0.89 8.78
walk 1.59 0.47 8.48
walk 1.44 1.36 9.79
walk 1.85 1.36 8.38
walk 1.69 3.95 11.72
walk 0.49 3.41 9.56
walk 0.67 2.95 8.63
walk 0.61 2.85 8.55
walk 1.37 3.16 8.57
walk 2.63 3.65 9.50
walk 0.57 2.29 10.72
walk 0.27 0.08 8.16
walk 2.26 2.00 10.52
walk 0.39 0.44 8.00
walk 1.89 0.44 8.79
walk 1.15 1.75 10.00
walk 1.92 4.46 11.61
walk 0.75 4.03 8.30
walk 1.24 4.05 8.68
walk 0.50 2.46 10.46
walk 0.71 1.51 8.30
walk 1.32 1.68 9.35
walk 0.96 0.98 9.30
walk 1.49 1.37 9.32
walk 0.98 1.63 9.50
walk 0.77 1.84 9.91
walk 0.20 3.45 9.56
walk -0.57 4.07 9.67
walk -0.16 3.46 9.41
walk -0.12 3.09 8.32
walk 0.21 3.37 8.86
walk 0.88 3.71 8.62
walk 1.20 3.73 9.39
walk 0.52 2.77 10.85
walk 1.99 1.06 8.77
walk 1.34 1.21 9.19
walk 1.26 0.58 8.52
walk 1.44 0.97 9.22
walk 1.95 2.12 10.36
walk 1.48 3.50 11.58
walk 0.59 3.10 8.56
walk 0.75 3.29 8.23
walk 1.64 3.82 7.94
walk 1.24 4.17 8.41
walk 1.77 4.05 8.81
walk 2.19 3.45 11.15
walk 2.21 1.73 9.04
walk 0.63 1.83 9.28
walk 0.74 0.50 8.64
walk 1.50 0.77 9.76
walk 2.33 0.88 9.41
walk 2.09 0.42 9.31
walk 1.68 0.04 9.05
walk 2.69 1.50 10.56
walk 3.14 2.14 9.58
walk 0.65 2.44 9.38
walk 1.53 2.82 9.23
walk 1.36 2.78 8.34
walk 2.11 3.34 8.14
walk 1.42 2.71 10.40
walk 2.20 1.47 10.52
walk 1.84 0.51 8.58
walk 1.25 0.71 9.12
walk 1.78 0.32 9.19
walk 1.52 0.82 9.63
walk 1.51 0.98 9.07
walk 1.39 2.56 11.13
walk 1.69 3.23 10.53
walk 0.46 2.56 8.14
lie 0.00 0.00 0.00
lie 1.00 1.98 9.56
lie 0.86 1.92 9.55
lie 0.62 1.74 9.46
lie 0.51 1.72 9.53
lie 0.52 1.67 9.65
lie 0.53 1.57 9.61
lie 0.52 1.57 9.67
lie 0.56 1.55 9.69
lie 0.79 1.50 9.56
lie 0.57 1.32 9.54
lie -0.47 1.15 9.05
lie -0.89 2.73 10.65
lie 0.17 2.26 8.75
lie 3.01 3.17 8.44
lie 2.58 1.93 10.58
lie 3.51 1.51 8.17
lie 3.32 3.36 9.90
lie 2.63 3.14 9.29
lie 0.59 1.95 9.12
lie 0.66 1.76 10.99
lie 1.42 2.29 9.38
lie 0.38 1.16 6.70
lie -0.11 0.91 9.45
lie 0.54 -0.38 9.39
lie -0.80 -0.92 8.74
lie -0.38 -0.92 8.51
lie 0.28 0.74 8.99
lie -0.11 2.94 9.57
lie 1.75 3.72 9.39
lie 1.32 3.80 9.31
lie -0.03 4.47 8.86
lie -1.35 4.19 8.82
lie -2.01 3.91 8.60
lie -3.22 4.37 9.51
lie -3.95 3.86 8.70
lie -3.73 4.02 8.12
lie -3.49 4.10 7.82
lie -4.95 4.03 7.96
lie -5.25 4.06 7.84
lie -2.93 5.32 7.30
lie -2.62 5.13 6.38
lie 0.40 6.95 5.80
lie -0.17 8.46 5.51
lie -0.84 8.86 4.94
lie -3.77 7.50 5.15
lie -5.00 7.34 6.54
lie -4.81 5.42 6.68
lie -2.46 4.27 8.74
lie -2.08 2.32 8.67
lie -4.51 -0.17 7.11
lie -4.74 -2.26 5.54
lie -4.69 -3.50 6.85
lie -4.31 -3.43 8.41
lie -5.44 -3.47 6.22
lie -8.60 -3.32 6.21
lie -10.08 -1.96 6.31
lie -7.94 -0.91 5.27
lie -7.84 -1.11 5.11
lie -8.91 -2.60 5.22
lie -7.78 -3.01 5.29
lie -7.50 -2.98 5.27
lie -7.84 -2.90 4.63
lie -7.98 -2.76 4.91
lie -8.18 -2.61 5.13
lie -7.80 -2.68 4.95
lie -7.85 -2.77 5.02
lie -7.93 -2.70 4.97
lie -7.89 -2.71 4.92
lie -7.94 -2.68 4.95
lie -7.99 -2.64 4.93
lie -7.97 -2.64 4.84
lie -8.04 -2.61 4.84
lie -7.99 -2.58 4.74
lie -8.21 -2.67 4.57
lie -7.93 -2.60 5.09
lie -8.14 -2.78 5.00
lie -7.88 -2.94 4.55
lie -8.10 -2.98 4.80
lie -7.92 -2.94 4.78
lie -7.87 -2.93 4.88
lie -7.97 -2.88 4.94
lie -8.14 -2.78 4.78
lie -8.11 -2.67 4.81
lie -8.15 -2.71 4.81
lie -7.99 -2.76 4.83
lie -8.06 -2.79 4.82
lie -7.97 -2.81 4.82
lie -7.98 -2.77 4.80
lie -8.11 -2.71 4.79
lie 0.00 0.00 0.00
lie 0.88 1.52 9.54
lie 0.93 1.58 9.62
lie 0.95 1.47 9.52
lie 1.16 1.43 9.52
lie 0.95 1.44 9.62
lie 0.91 1.09 9.49
lie 1.64 0.43 9.25
lie 2.13 0.41 9.46
lie 0.73 1.37 9.98
lie 0.97 2.22 8.90
lie 1.20 2.97 9.62
lie 0.30 2.93 9.57
lie 1.25 3.19 8.90
lie 2.41 3.37 8.80
lie 2.95 2.72 10.56
lie 3.53 1.29 7.87
lie 3.11 1.87 9.56
lie 2.12 1.08 8.24
lie 2.16 2.10 10.02
lie 0.69 2.30 8.98
lie 0.94 1.99 9.32
lie 0.70 1.63 9.41
lie 0.77 1.73 9.72
lie 1.17 1.72 9.25
lie 0.98 1.90 9.44
lie 1.05 2.10 9.52
lie 1.00 2.10 9.42
lie 0.98 2.05 9.45
lie 1.08 1.98 9.33
lie 0.69 1.98 9.05
lie -0.04 2.56 9.63
lie 0.05 2.76 9.79
lie 0.37 2.82 8.76
lie 0.28 3.49 10.54
lie 2.43 1.98 8.91
lie 3.40 1.71 8.82
lie 1.97 2.33 9.14
lie 2.22 2.34 9.30
lie 2.49 2.34 9.09
lie 2.52 2.51 9.01
lie 1.94 2.40 9.79
lie 2.78 2.12 9.92
lie 2.47 1.54 9.78
lie 1.40 0.62 7.87
lie 0.08 0.50 8.34
lie 1.81 -1.15 9.26
lie 4.95 -1.55 8.80
lie 1.35 -1.61 8.72
lie 2.38 0.10 8.60
lie 3.75 1.78 8.99
lie 3.44 2.33 8.80
lie 2.69 2.41 7.93
lie 2.11 2.70 7.61
lie 2.76 4.00 10.39
lie 2.20 4.31 10.07
lie -0.36 3.96 8.55
lie -0.02 3.97 7.72
lie -0.74 3.91 8.09
lie -2.26 4.05 8.66
lie -3.67 3.85 8.70
lie -4.83 4.04 8.33
lie -4.01 4.25 8.04
lie -4.26 4.66 7.46
lie -4.80 5.03 7.45
lie -4.15 5.63 7.26
lie -4.50 5.55 6.64
lie -3.63 5.87 6.61
lie -2.63 6.16 6.17
lie -0.59 7.73 5.36
lie 1.52 8.16 4.24
lie 1.54 7.78 3.12
lie 2.84 10.21 3.51
lie -0.82 9.04 3.51
lie -2.81 8.42 4.82
lie -4.19 7.61 5.90
lie -3.84 5.39 6.07
lie -3.30 4.91 7.82
lie -4.92 2.28 8.27
lie 0.00 0.00 0.00
lie 1.18 0.44 9.93
lie 1.41 2.24 10.92
lie 1.19 3.89 10.63
lie 2.21 3.51 8.30
lie 1.60 3.26 8.26
lie 1.26 3.39 8.93
lie 1.21 3.28 9.17
lie 0.47 2.76 9.61
lie 0.46 2.77 9.28
lie 1.56 2.68 9.76
lie 2.35 2.68 9.33
lie -0.67 2.11 9.79
lie 1.68 2.10 9.14
lie 1.77 2.29 10.96
lie 2.19 1.51 8.97
lie 2.67 1.50 7.40
lie 1.32 1.49 9.22
lie 1.37 0.79 9.26
lie 0.48 -0.18 9.85
lie -0.86 -1.16 9.41
lie 1.68 0.68 9.68
lie 5.37 0.99 8.37
lie 3.52 1.11 9.23
lie 2.87 1.73 8.50
lie 4.19 2.84 8.66
lie 2.26 2.58 9.59
lie 4.20 3.95 10.29
lie 1.52 2.40 9.53
lie 1.79 3.11 9.11
lie 1.62 2.53 9.00
lie -0.56 1.22 9.48
lie -0.97 1.49 9.57
lie -0.86 1.97 9.37
lie -1.01 2.01 9.61
lie -0.76 1.62 8.39
lie 0.52 2.44 7.19
lie 2.22 6.69 7.37
lie 1.04 10.07 7.97
lie 2.79 8.55 5.25
lie 2.04 7.40 3.75
lie 2.31 8.98 4.02
lie 0.08 9.92 4.31
lie -0.85 10.48 4.96
lie -3.44 6.58 5.18
lie -4.63 4.64 6.95
lie -2.23 4.04 8.38
lie -2.73 0.39 8.45
lie -6.05 -1.64 6.16
lie -6.02 -2.14 5.04
lie -8.64 -2.90 6.20
lie -9.29 -3.02 6.67
lie -6.28 -2.69 5.97
lie -6.96 -2.31 5.56
lie -6.42 -1.34 6.11
lie -10.62 -1.90 5.86
lie -7.71 -2.19 3.98
lie -8.66 -2.33 4.73
lie -8.98 -2.95 4.17
lie -8.35 -2.63 3.91
lie -8.48 -2.17 4.32
lie -7.99 -3.05 4.21
lie -8.67 -2.55 4.24
lie -8.15 -3.04 3.29
lie -8.81 -2.81 4.39
lie -8.19 -2.50 3.93
lie -8.57 -2.82 3.93
lie -8.57 -2.76 3.99
lie -8.27 -2.75 3.99
lie -8.35 -2.84 3.99
lie -8.50 -2.83 3.93
lie -8.46 -2.74 4.01
lie -8.35 -2.83 3.93
lie -8.40 -2.84 4.04
lie -8.47 -2.81 3.98
lie -8.44 -2.84 3.97
lie -8.38 -2.77 4.03
lie -8.55 -2.76 4.04
lie -8.40 -2.87 3.89
lie -8.44 -2.86 3.98
lie -8.49 -2.84 4.01
lie -8.40 -2.77 3.96
lie -8.49 -2.85 3.90
lie -8.51 -2.86 3.97
lie -8.42 -2.88 3.96
lie -8.37 -2.92 3.94
lie -8.45 -2.84 4.00
lie -8.49 -2.89 3.94
lie -8.42 -2.88 3.98
lie -8.42 -2.94 3.94
lie -8.43 -2.92 3.99
lie -8.41 -3.00 3.93
lie -8.38 -2.92 3.99
lie -8.45 -2.95 3.96
lie -8.45 -2.96 3.95
lie -8.38 -2.90 3.97
lie -8.41 -3.00 3.83
lie -8.54 -2.90 3.98
lie -8.34 -2.76 3.94
lie -8.51 -2.89 3.95
lie -8.46 -2.86 3.87
lie -8.45 -2.85 3.85
lie -8.55 -2.84 3.92
lie -8.41 -2.79 3.93
lie -8.52 -2.94 3.93
lie -8.40 -2.93 3.85
lie -8.44 -2.90 3.92
lie -8.42 -2.89 3.89
lie -8.51 -2.95 3.94
lie -8.57 -2.99 3.76
lie -8.32 -2.99 3.79
